FileName:	Expdata-Ti-Nb								
Author:	Thakur								
Format:-----------------------------------------------------------									
#************************START#
1	Hm-A2-T-1			-1802.92446	-1802.92446	300	1	300	0.25	0	FP
2	Hm-A2-T-1			-2403.39314	-2403.39314	300	1	300	0.33	0	FP
3	Hm-A2-T-1			-2404.02792	-2404.02792	300	1	300	0.5	0	FP
4	Hm-A2-T-1			-2404.02792	-2404.02792	300	1	300	0.66	0	FP
5	Hm-A2-T-1			-1803.02094	-1803.02094	300	1	300	0.75	0	FP
6	Hm-A3-TO-1			-5891.8753	-5891.8753	300	1	300	0.25	0	FP
7	Hm-A3-TO-1			-5237.22249	-5237.22249	300	1	300	0.33	0	FP
8	Hm-A3-TO-1			-3927.91687	-3927.91687	300	1	300	0.5	0	FP
9	Hm-A3-TO-1			-2618.61125	-2618.61125	300	1	300	0.66	0	FP
10	Hm-A3-TO-1			-1963.95843	-1963.95843	300	1	300	0.75	0	FP

11	CXXB-A2-T-1-A3-TO-1		0.997	0.99	0.01	1	1123	0.5	0.99	51HAN
12	CXXB-A2-T-1-A3-TO-1		0.992	0.95	0.01	1	1074	0.5	0.95	51HAN
13	CXXB-A2-T-1-A3-TO-1		0.993	0.99	0.01	1	1022	0.5	0.99	51HAN
14	CXXB-A2-T-1-A3-TO-1		0.985	0.9	0.01	1	973	0.5	0.9	51HAN
15	CXXB-A2-T-1-A3-TO-1		0.979	0.98	0.01	1	922	0.1	0.98	51HAN
16	CXXB-A2-T-1-A3-TO-1		0.98	0.9	0.01	1	872	0.5	0.9	51HAN
17	CXXA-A2-T-1-A3-TO-1		0.979	0.99	0.01	1	1124	0.5	0.99	51HAN
18	CXXA-A2-T-1-A3-TO-1		0.959	0.99	0.01	1	1103	0.5	0.99	51HAN
19	CXXA-A2-T-1-A3-TO-1		0.924	0.95	0.01	1	1074	0.5	0.95	51HAN
20	CXXA-A2-T-1-A3-TO-1		0.903	0.95	0.01	1	1053	0.5	0.95	51HAN
21	CXXA-A2-T-1-A3-TO-1		0.859	0.9	0.01	1	1021	0.5	0.9	51HAN
23	CXXA-A2-T-1-A3-TO-1		0.97	0.99	0.01	1	1120	0.5	0.99	61IMG
24	CXXA-A2-T-1-A3-TO-1		0.94	0.9	0.01	1	1085	0.5	0.99	61IMG
25	CXXA-A2-T-1-A3-TO-1		0.74	0.5	0.01	1	906	0.95	0.5	61IMG
26	CXXA-A2-T-1-L-RK-1		0.899	0.5	0.01	1	1972	0.899	0.5	69RUD
27	CXXA-A2-T-1-L-RK-1		0.801	0.5	0.01	1	2024	0.801	0.5	69RUD
28	CXXA-A2-T-1-L-RK-1		0.701	0.5	0.01	1	2069	0.701	0.5	69RUD
29	CXXA-A2-T-1-L-RK-1		0.599	0.5	0.01	1	2134	0.599	0.5	69RUD
30	CXXA-A2-T-1-L-RK-1		0.497	0.4	0.01	1	2208	0.497	0.4	69RUD
31	CXXA-A2-T-1-L-RK-1		0.398	0.35	0.01	1	2299	0.398	0.35	69RUD
32	CXXA-A2-T-1-L-RK-1		0.297	0.2	0.01	1	2388	0.297	0.2	69RUD
33	CXXA-A2-T-1-L-RK-1		0.199	0.1	0.01	1	2510	0.199	0.1	69RUD
34	CXXA-A2-T-1-L-RK-1		0.1	0.08	0.01	1	2652	0.1	0.08	69RUD
35	CXXB-A2-T-1-L-RK-1		0.898	0.1	0.01	1	2019	0.898	0.1	69RUD
36	CXXB-A2-T-1-L-RK-1		0.802	0.5	0.01	1	2068	0.802	0.5	69RUD
37	CXXB-A2-T-1-L-RK-1		0.702	0.5	0.01	1	2137	0.702	0.5	69RUD
38	CXXB-A2-T-1-L-RK-1		0.601	0.5	0.01	1	2202	0.601	0.5	69RUD
39	CXXB-A2-T-1-L-RK-1		0.5	0.6	0.01	1	2292	0.5	0.6	69RUD
40	CXXB-A2-T-1-L-RK-1		0.399	0.3	0.01	1	2402	0.399	0.3	69RUD
41	CXXB-A2-T-1-L-RK-1		0.3	0.2	0.01	1	2507	0.3	0.2	69RUD
42	CXXB-A2-T-1-L-RK-1		0.2	0.3	0.01	1	2609	0.2	0.3	69RUD
43	CXXB-A2-T-1-L-RK-1		0.102	0.2	0.01	1	2654	0.102	0.2	69RUD
#************************STOP#


#************************START#

//HANSEN 1951 FOR ALPHA
1       CXXB-A2-T-1-A3-TO-1	0.997	0.995	0.01	1.0	1123    0.5	0.998	51HAN
2	CXXB-A2-T-1-A3-TO-1	0.992	0.999	0.01	1.0	1074	0.5	0.993	51HAN
3       CXXB-A2-T-1-A3-TO-1	0.993	0.995	0.01	1.0	1022	0.5	0.994	51HAN
4       CXXB-A2-T-1-A3-TO-1	0.985	0.999	0.01	1.0	973	0.5	0.986	51HAN
5       CXXB-A2-T-1-A3-TO-1	0.979	0.999	0.01	1.0	922	0.1	0.985	51HAN
//6       CXXB-A2-T-1-A3-TO-1	0.980	0.999	0.01	1.0	872	0.5	0.982	51HAN
//HANSEN 1951 FOR BETA BOUNDARY
7       CXXA-A2-T-1-A3-TO-1	0.979	0.95	0.01	1.0	1124    0.5	0.998	51HAN
8	CXXA-A2-T-1-A3-TO-1	0.959	0.8	0.01	1.0	1103	0.5	0.960	51HAN
9       CXXA-A2-T-1-A3-TO-1	0.924	0.7	0.01	1.0	1074	0.5	0.925	51HAN
10      CXXA-A2-T-1-A3-TO-1	0.903	0.7	0.01	1.0	1053	0.5	0.92	51HAN
11      CXXA-A2-T-1-A3-TO-1	0.859	0.7	0.01	1.0	1021	0.5	0.87	51HAN

//RUDY1969 FOR SOLIDUS BOUNDARY
12	CXXA-A2-T-1-L-RK-1	0.899	0.50	0.01	1.0	1972	0.5	0.900	69RUD
13	CXXA-A2-T-1-L-RK-1	0.801	0.50	0.01	1.0	2024	0.5	0.803	69RUD
14	CXXA-A2-T-1-L-RK-1	0.701	0.50	0.01	1.0	2069	0.5	0.702	69RUD
15	CXXA-A2-T-1-L-RK-1	0.599	0.50	0.01	1.0	2134	0.5	0.600	69RUD
16	CXXA-A2-T-1-L-RK-1	0.497	0.40	0.01	1.0	2208	0.5	0.498	69RUD
17	CXXA-A2-T-1-L-RK-1	0.398	0.35	0.01	1.0	2299	0.5	0.399	69RUD
18	CXXA-A2-T-1-L-RK-1	0.297	0.20	0.01	1.0	2388	0.5	0.298	69RUD
19	CXXA-A2-T-1-L-RK-1	0.199	0.10	0.01	1.0	2510	0.5	0.200	69RUD
20	CXXA-A2-T-1-L-RK-1	0.100	0.10	0.01	1.0	2652	0.5	0.102	69RUD
#************************STOP#
//imgram beta boundary
//21       CXXA-A2-T-1-A3-TO-1	0.98	0.9	0.01	1.0	1140	0.5	0.99	61IMG
22       CXXA-A2-T-1-A3-TO-1	0.97	0.8	0.01	1.0	1120	0.5	0.99	61IMG
23       CXXA-A2-T-1-A3-TO-1	0.94	0.7	0.01	1.0	1085	0.5	0.945	61IMG
//24       CXXA-A2-T-1-A3-TO-1	0.74	0.7	0.01	1.0	906	0.99	0	61IMG
//Enthalpy of mixing data for BCC phase
25      Hm-A2-T-1              0.25    -1802.924456       250    1.0     300       0.25    -1802.924456      BHU
26      Hm-A2-T-1              0.33    -2403.393144       250    1.0     300       0.33    -2403.393144      BHU      
//27      Hm-A2-T-1              0.50    -2404.027922       250    1.0     300       0.50    -2404.027922      BHU      
28      Hm-A2-T-1              0.66    -2404.027922       250    1.0     300       0.66    -2404.027922      BHU      
29      Hm-A2-T-1              0.75    -1803.020941       250    1.0     300       0.75    -1803.020941      BHU      
//Enthalpy of mixing data for HCP phase
//30      Hm-A3-TO-1              0.25    -5891.875302       0.01    1.0     305       0.25    -5891.875302      BHU   
//31      Hm-A3-TO-1              0.33    -5237.222491       0.01    1.0     305       0.33    -5237.222491      BHU         
//32      Hm-A3-TO-1              0.5    -3927.916868       0.01    1.0     305       0.5    -3927.916868      BHU         
//33      Hm-A3-TO-1              0.66    -2618.611246       0.01    1.0     305       0.66    -2618.611246      BHU         
//34      Hm-A3-TO-1              0.75    -1963.958434       0.01    1.0     305       0.75    -1963.958434      BHU         
