FileName:       ExpData-tizr.txt							
Author:         VJ
last updated:	190511								
Format:-----------------------------------------------------------									
DataId	DataType		y           yMod    sig(Y)  Wt.     x           x1          x2      References

 


#************************START#
//Enthalpy of mixing in liquid phase
00      Hm-L-RK-1              -5500        0       250    1.0     2347       0.50    0      1999Thied
01      Hm-L-RK-1              -5200        0       250    1.0     2347       0.61    0      1999Thied
02      Hm-L-RK-1              -4600        0       250    1.0     2347       0.70    0      1999Thied
03      Hm-L-RK-1              -4000        0       250    1.0     2347       0.75    0      1999Thied
04      Hm-L-RK-1              -3300        0       250    1.0     2347       0.80    0      1999Thied
05      Hm-L-RK-1              -2700        0       250    1.0     2347       0.90    0      1999Thied
06      Hm-L-RK-1              -5300        0       250    1.0     2336       0.60    0      1999Thied
07      Hm-L-RK-1              -4400        0       250    1.0     2336       0.70    0      1999Thied
08      Hm-L-RK-1              -3600        0       250    1.0     2336       0.80    0      1999Thied
09      Hm-L-RK-1              -1900        0       250    1.0     2336       0.90    0      1999Thied
10      Hm-L-RK-1              -930         0       250    1.0     2336       0.95    0      1999Thied
11      Hm-L-RK-1              -5300        0       250    1.0     2337       0.50    0      1999Thied
12      Hm-L-RK-1              -4900        0       250    1.0     2337       0.60    0      1999Thied
13      Hm-L-RK-1              -4600        0       250    1.0     2337       0.70    0      1999Thied
14      Hm-L-RK-1              -3600        0       250    1.0     2337       0.78    0      1999Thied
15      Hm-L-RK-1              -1900        0       250    1.0     2337       0.90    0      1999Thied
16      Hm-L-RK-1              -500         0       250    1.0     2260       0.02    0      1999Thied
17      Hm-L-RK-1              -1000        0       250    1.0     2260       0.05    0      1999Thied
18      Hm-L-RK-1              -1700        0       250    1.0     2260       0.10    0      1999Thied
19      Hm-L-RK-1              -4100        0       250    1.0     2112       0.26    0      1999Thied
20      Hm-L-RK-1              -2000        0       250    1.0     2112       0.10    0      1999Thied
21      Hm-L-RK-1              -2700        0       250    1.0     2112       0.20    0      1999Thied
22      Hm-L-RK-1              -4700        0       250    1.0     2111       0.32    0      1999Thied

//Congruent Minima Liquid+A2
23      CRPT-L-RK-1-A2-T-1     1805        1805        1          1       2000        0.35        0.0     2017KCHARI 

//RUDY1969 FOR SOLIDUS BOUNDARY
24	CXXB-L-RK-1-A2-T-1	0.910	0.910	0.01	0.0	2100	0.5	0.99	69RUD
24	CXXB-L-RK-1-A2-T-1	0.900	0.900	0.01	0.0	2050	0.5	0.99	69RUD
//24	CXXB-L-RK-1-A2-T-1	0.899	0.899	0.01	0.0	2000	0.5	0.99	69RUD
24	CXXB-L-RK-1-A2-T-1	0.799	0.799	0.01	1.0	1979	0.5	0.8	69RUD
24	CXXB-L-RK-1-A2-T-1	0.750	0.750	0.01	0.0	1950	0.5	0.99	69RUD
24	CXXB-L-RK-1-A2-T-1	0.720	0.720	0.01	0.0	1900	0.5	0.99	69RUD
25	CXXB-L-RK-1-A2-T-1	0.646	0.646	0.01	1.0	1862	0.5	0.646	69RUD
24	CXXB-L-RK-1-A2-T-1	0.550	0.550	0.01	0.0	1850	0.5	0.99	69RUD
24	CXXB-L-RK-1-A2-T-1	0.520	0.520	0.01	0.0	1840	0.5	0.99	69RUD
26	CXXB-L-RK-1-A2-T-1	0.501	0.501	0.01	1.0	1825	0.4	0.5	69RUD
//27	CXXB-L-RK-1-A2-T-1	0.399	0.399	0.01	0.0	1810	0.2	0.5	69RUD
//27	CXXB-L-RK-1-A2-T-1	0.388	0.388	0.01	0.0	1809	0.2	0.5	69RUD
//27	CXXB-L-RK-1-A2-T-1	0.378	0.378	0.01	0.0	1807	0.2	0.5	69RUD
//28	CXXA-A2-T-1-L-RK-1	0.357	0.400	0.01	0.0	1806	0.5	0.9	69RUD
//29	CXXA-A2-T-1-L-RK-1	0.338	0.338	0.01	0.0	1805    0.5	0.9	69RUD
//27	CXXA-A2-T-1-L-RK-1	0.310	0.310	0.01	0.0	1810	0.1	0.5	69RUD
//30	CXXA-A2-T-1-L-RK-1	0.298	0.298	0.01	0.0	1812	0.1	0.5	69RUD
30	CXXA-A2-T-1-L-RK-1	0.275	0.275	0.01	0.0	1815	0.1	0.5	69RUD
30	CXXA-A2-T-1-L-RK-1	0.250	0.250	0.01	0.0	1825	0.1	0.5	69RUD
31	CXXA-A2-T-1-L-RK-1	0.199	0.199	0.01	1.0	1837	0.199	0.5	69RUD
30	CXXA-A2-T-1-L-RK-1	0.170	0.170	0.01	0.0	1840	0.1	0.5	69RUD
//32	CXXA-A2-T-1-L-RK-1	0.150	0.01	0.01	0.0	1850	0.1	0.5	69RUD
32	CXXA-A2-T-1-L-RK-1	0.098	0.01	0.01	1.0	1892	0.1	0.5	69RUD
//32	CXXA-A2-T-1-L-RK-1	0.088	0.01	0.01	0.0	1900	0.1	0.5	69RUD

//B.N.SARMA 2000 FOR ALPHA BOUNDARY
53      CXXA-A3-TO-1-A2-T-1	0.105	0.110	0.01	1.0	1023	0.010   0.50	1971CHA
54	CXXA-A3-TO-1-A2-T-1	0.200	0.200	0.01	1.0	973	0.100   0.50	1971CHA
55	CXXA-A3-TO-1-A2-T-1	0.300	0.300	0.01	1.0	913	0.300   0.50	1971CHA
56	CXXB-A2-T-1-A3-TO-1	0.800	0.500	0.01	1.0	958	0.500   0.80    1971CHA
57      CXXB-A2-T-1-A3-TO-1	0.900	0.900	0.01	1.0	1023	0.800   0.90	1971CHA
58	CXXA-A3-TO-1-A2-T-1	0.030	0.030	0.01	1.0	1123	0.030   0.50	1962IMG
59	CXXA-A3-TO-1-A2-T-1	0.055	0.055	0.01	1.0	1083	0.055   0.10	1962IMG
60	CXXA-A3-TO-1-A2-T-1	0.090	0.090	0.01	1.0	1038	0.090   0.50	1962IMG
61	CXXA-A3-TO-1-A2-T-1	0.135	0.140	0.01	1.0	1013	0.140   0.50	1951HAY
62	CXXA-A3-TO-1-A2-T-1	0.275	0.280	0.01	1.0	933	0.280   0.50	1951HAY
63	CXXB-A2-T-1-A3-TO-1	0.820	0.820	0.01	1.0	953	0.500   0.82	1951HAY
63	CXXB-A2-T-1-A3-TO-1	0.860	0.860	0.01	0.0	968	0.500   0.86	1951HAY
64	CXXA-A3-TO-1-A2-T-1	0.310	0.300	0.01	1.0	923	0.300   0.50	1982AUF
65	CXXA-A3-TO-1-A2-T-1	0.400	0.400	0.01	1.0	898	0.300   0.50	1982AUF
66	CXXB-A2-T-1-A3-TO-1	0.605	0.600	0.01	1.0	898	0.500   0.90	1982AUF
67	CXXB-A2-T-1-A3-TO-1	0.710	0.700	0.01	1.0	923	0.500   0.90	1982AUF


//B.N.SARMA 2000 FOR BETA BOUNDARY
68	CXXB-A3-TO-1-A2-T-1	0.100	0.100	0.01	1.0	1093	0.01    0.1	1971CHA
69	CXXB-A3-TO-1-A2-T-1	0.210	0.210	0.01	1.0	1023	0.01    0.210 	1971CHA
70	CXXB-A3-TO-1-A2-T-1	0.305	0.305	0.01	1.0	948	0.01    0.305 	1971CHA
71	CXXA-A2-T-1-A3-TO-1	0.800	0.800	0.01	1.0	1023    0.5     0.80	1971CHA
72	CXXB-A3-TO-1-A2-T-1	0.030	0.030	0.01	0.0	1145	0.01	0.03	1962IMG
73	CXXB-A3-TO-1-A2-T-1	0.120	0.120	0.01	1.0	1083	0.01	0.12 	1962IMG
74	CXXB-A3-TO-1-A2-T-1	0.090	0.090	0.01	1.0	1113	0.01	0.09	1962IMG
75	CXXB-A3-TO-1-A2-T-1	0.260	0.260	0.01	1.0	988	0.01	0.26  	1962IMG
76	CXXB-A3-TO-1-A2-T-1	0.135	0.135	0.01	1.0	1073	0.01	0.135 	1951HAY
77	CXXB-A3-TO-1-A2-T-1	0.275	0.275	0.01	1.0	978	0.01	0.275	1951HAY
78	CXXA-A2-T-1-A3-TO-1	0.820	0.820	0.01	1.0	988	0.50    0.82	1951HAY
80	CXXA-A2-T-1-A3-TO-1	0.860	0.860	0.01	1.0	1003	0.70    0.86	1951HAY

//Congruent Minima Liquid+A2
43      CRPT-A3-TO-1-A2-T-1     875        875        1          3       1000        0.504        0.0     1994KCHARI

//Enthalpy of mixing in bcc phase
//33      Hm-A2-T-1        -1818        0       250    0.0     300       0.02    0      2018Marker
//34      Hm-A2-T-1        -2925        0       250    1.0     300       0.25    0      2018Marker
//35      Hm-A2-T-1        -5800        0       250    1.0     300       0.50    0      2018Marker
//36      Hm-A2-T-1        -4465        0       250    1.0     300       0.75    0      2018Marker
//37      Hm-A2-T-1        -2416        0       250    0.0     300       0.94    0      2018Marker
38      Hm-A2-T-1        -5511.30000    0       250    1.0     300       0.25    0      BHU
39      Hm-A2-T-1        -7274.90000    0       250    1.0     300       0.33    0      BHU
40      Hm-A2-T-1        -5429.00000    0       250    1.0     300       0.50    0      BHU
41      Hm-A2-T-1        -3583.20000    0       250    1.0     300       0.67    0      BHU
42      Hm-A2-T-1        -2714.50000    0       250    1.0     300       0.75    0      BHU

//Enthalpy of mixing data for HCP phase

//45      Hm-A3-TO-1             6210.0         0      250    1.0     300       0.25    0      2007Shin          
//47      Hm-A3-TO-1             7600.0         0      250    1.0     300       0.5     0      2007Shin                 
//49      Hm-A3-TO-1             5340.0         0      250    1.0     300       0.75    0      2007Shin
50      Hm-A3-TO-1             4602.35000000    0      250    1.0     300       0.25    0      BHU   
46      Hm-A3-TO-1             3719.700000      0      300    1.0     300       0.33    0      BHU         
51      Hm-A3-TO-1             3233.42          0      250    1.0     300       0.5     0      BHU 
48      Hm-A3-TO-1             3388.280000      0      300    1.0     300       0.67    0      BHU          
52      Hm-A3-TO-1             3995.170000      0      250    1.0     300       0.75    0      BHU  
#************************STOP#




 




       
  
 









    