FileName: Nb-Zr-ExptData								
Author: Soumyajit Pattanayak								
Format:--------------------------------------------------------------------------- 
DataId  DataType                y       yMod    sigy    Wt.     x           x1      x2      References	
#************************START#	
0       CXXA-A2-T-1-L-RK-1	0.05	0.01	0.01	1	2078        0.2     0       55ROG
1       CXXA-A2-T-1-L-RK-1	0.06	0.01	0.01	1	2043        0.2     0       55ROG
2       CXXA-A2-T-1-L-RK-1	0.08	0.01	0.01	1	2063        0.2     0       55ROG
3       CXXA-A2-T-1-L-RK-1	0.09	0.01	0.01	1	2048        0.2     0       55ROG
4       CXXA-A2-T-1-L-RK-1	0.12	0.01	0.01	1	2043        0.2     0       55ROG
5       CXXA-A2-T-1-L-RK-1	0.13	0.01	0.01	1	2038        0.2     0       55ROG
6       CXXA-A2-T-1-L-RK-1	0.14	0.01	0.01	1	2043        0.2     0       55ROG
7       CXXA-A2-T-1-L-RK-1	0.15	0.01	0.01	1	2038        0.2     0       55ROG
8       CXXA-A2-T-1-L-RK-1	0.17	0.01	0.01	1	2018        0.2     0       55ROG
9       CXXA-A2-T-1-L-RK-1	0.2	0.01	0.01	1	2018        0.2     0       55ROG
10      CXXB-L-RK-1-A2-T-1	0.22	0.99	0.01	1	2008        0.22    0       55ROG
11      CXXB-L-RK-1-A2-T-1	0.25	0.99	0.01	1	2018        0.22    0       55ROG
12      CXXB-L-RK-1-A2-T-1	0.3	0.99	0.01	1	2023        0.22    0       55ROG
13      CXXB-L-RK-1-A2-T-1	0.4	0.99	0.01	1	2063        0.22    0       55ROG
14      CXXB-L-RK-1-A2-T-1	0.5	0.99	0.01	1	2083        0.22    0       55ROG
15      CXXB-L-RK-1-A2-T-1	0.6	0.99	0.01	1	2123        0.22    0       55ROG
16      CXXB-L-RK-1-A2-T-1	0.7	0.99	0.01	1	2223        0.22    0       55ROG
17      CXXB-L-RK-1-A2-T-1	0.8	0.99	0.01	1	2338        0.22    0       55ROG
18      CXXB-L-RK-1-A2-T-1	0.9	0.99	0.01	1	2493        0.22    0       55ROG
19      CXXA-A2-T-1-L-RK-1	0.07	0.01	0.01	1	2082.64     0.2     0       60LUN
20      CXXA-A2-T-1-L-RK-1	0.12	0.01	0.01	1	2051.08     0.2     0       60LUN
21      CXXA-A2-T-1-L-RK-1	0.13	0.01	0.01	1	2027.77     0.2     0       60LUN
22      CXXA-A2-T-1-L-RK-1	0.16	0.01	0.01	1	2032.83     0.2     0       60LUN
23      CXXA-A2-T-1-L-RK-1	0.18	0.01	0.01	1	2027.87     0.2     0       60LUN
24      CXXA-A2-T-1-L-RK-1	0.19	0.01	0.01	1	2052.89     0.2     0       60LUN
25      CXXA-A2-T-1-L-RK-1	0.2	0.01	0.01	1	2017.92     0.2     0       60LUN
26      CXXB-L-RK-1-A2-T-1	0.21	0.99	0.01	1	2014.6      0.22    0       60LUN
27      CXXB-L-RK-1-A2-T-1	0.23	0.99	0.01	1	2027.98     0.22    0       60LUN
28      CXXB-L-RK-1-A2-T-1	0.26	0.99	0.01	1	2018.04     0.22    0       60LUN
29      CXXB-L-RK-1-A2-T-1	0.29	0.99	0.01	1	2047.27     0.22    0       60LUN
30      CXXB-L-RK-1-A2-T-1	0.72	0.99	0.01	1	2280.33     0.22    0       60LUN
31      CXXB-L-RK-1-A2-T-1	0.81	0.99	0.01	1	2416.51     0.22    0       60LUN
32      CXXB-L-RK-1-A2-T-1	0.91	0.99	0.01	1	2540.38     0.22    0       60LUN
33      CXXB-L-RK-1-A2-T-1	0.93	0.99	0.01	1	2561.03     0.22    0       60LUN
34      CXXA-L-RK-1-A2-T-1	0.39	0.22	0.01	1	2127.48     0.99    0       60LUN
35      CXXA-L-RK-1-A2-T-1	0.61	0.22	0.01	1	2374.52     0.99    0       60LUN
36      CXXA-L-RK-1-A2-T-1	0.81	0.22	0.01	1	2544.08     0.99    0       60LUN
#************************STOP#

