 
FileName        : ExpData.txt								
Author          : VJ
Last Updated    : 210119
Competible with :expcvm.05								
Format:-----------------------------------------------------------									
DataId	DataType	       y      yMod   sig(Y)  	Wt.    	x      	x1     	x2     	References

#************************START#
//SOLIDUS(ROG)
1	CXTB-L-RK-1-A2-T-1	2078	2078	10	1	2078    0.783   0.95	55ROG
2	CXTB-L-RK-1-A2-T-1	2043	2070	10	1	2070    0.783   0.94	55ROG
3	CXTB-L-RK-1-A2-T-1	2063	2063	10	1	2063    0.783   0.92	55ROG
4	CXTB-L-RK-1-A2-T-1	2048	2048	10	1	2048    0.783   0.91	55ROG
5	CXTB-L-RK-1-A2-T-1	2043	2043	10	1	2043    0.783   0.88	55ROG
6	CXTB-L-RK-1-A2-T-1	2038	2043	10	0	2038    0.783   0.87	55ROG
7	CXTB-L-RK-1-A2-T-1	2043	2043	10	0	2043    0.783   0.86	55ROG
8	CXTB-L-RK-1-A2-T-1	2038	2038	10	1	2038    0.783   0.85	55ROG
9	CXTB-L-RK-1-A2-T-1	2018	2018	10	1	2018    0.783   0.83	55ROG
10	CXTB-L-RK-1-A2-T-1	2018    2018	10	0	2018    0.783   0.80	55ROG
11	CXTA-A2-T-1-L-RK-1	2008	2008	10	1	2008    0.78	0.783	55ROG
12	CXTA-A2-T-1-L-RK-1	2018	2018	10	1	2018    0.75	0.783	55ROG
13	CXTA-A2-T-1-L-RK-1	2023    2023	10	1	2023    0.7	0.783	55ROG
14	CXTA-A2-T-1-L-RK-1	2063	2063	10	1	2063    0.6	0.783	55ROG
15	CXTA-A2-T-1-L-RK-1	2083	2083	10	1	2083    0.5	0.783	55ROG
16	CXTA-A2-T-1-L-RK-1	2123	2123	10	1	2123    0.4	0.783	55ROG
17	CXTA-A2-T-1-L-RK-1	2223	2223	10	1	2223    0.3	0.783	55ROG
18	CXTA-A2-T-1-L-RK-1	2338	2338	10	0	2338    0.2	0.783	55ROG
19	CXTA-A2-T-1-L-RK-1	2493	2493	10	0	2493    0.1	0.783	55ROG

//SOLIDUS(LUN)
20	CXTB-L-RK-1-A2-T-1	2083	2083	10	1	2083    0.783   0.93	60LUN
21	CXTB-L-RK-1-A2-T-1	2051	2051	10	1	2051    0.783   0.88	60LUN
22	CXTB-L-RK-1-A2-T-1	2028	2028	10	1	2028    0.783   0.87	60LUN
23	CXTB-L-RK-1-A2-T-1	2033	2033	10	1	2033    0.783   0.84	60LUN
24	CXTB-L-RK-1-A2-T-1	2028	2028	10	1	2028    0.783   0.82	60LUN
25	CXTB-L-RK-1-A2-T-1	2053	2053	10	1	2053    0.783   0.81	60LUN
26	CXTB-L-RK-1-A2-T-1	2018	2018	10	1	2018    0.783   0.8	60LUN
27	CXTB-L-RK-1-A2-T-1	2015	2015	10	1	2015    0.783   0.79    60LUN
28	CXTA-A2-T-1-L-RK-1	2028	2028	10	0	2028    0.77	0.783	60LUN
29	CXTA-A2-T-1-L-RK-1	2018	2018	10	1	2018    0.74	0.783	60LUN
30	CXTA-A2-T-1-L-RK-1	2047	2047	10	1	2047    0.71	0.783	60LUN
31	CXTA-A2-T-1-L-RK-1	2280	2280	10	1	2280    0.28	0.783	60LUN
32	CXTA-A2-T-1-L-RK-1	2417	2417	10	1	2417    0.19	0.783	60LUN
33	CXTA-A2-T-1-L-RK-1	2540	2540	10	0	2540    0.09	0.783	60LUN
34	CXTA-A2-T-1-L-RK-1	2561	2561	10	0	2561    0.07	0.783	60LUN

//LIQUIDUS(LUN)
35	CXTB-A2-T-1-L-RK-1	2127	2127	10	1	2127    0.01    0.61	60LUN
36	CXTB-A2-T-1-L-RK-1	2375	2375	10	1	2375    0.01    0.39	60LUN
37	CXTB-A2-T-1-L-RK-1	2544	2544	10	1	2544    0.01    0.19	60LUN
38	CXTB-A2-T-1-L-RK-1	2073	2073	10	0	2073    0.01    0.711	60LUN
39	CXTB-A2-T-1-L-RK-1	2196	2196	10	0	2196    0.01    0.50	60LUN
40	CXTB-A2-T-1-L-RK-1	2408	2408	10	0	2408    0.01    0.282	60LUN

//MG bcc(Nb)+bcc(Zr)/bcc(Zr)
40	MGT2-A2-T-1	        1223	1223	5.01	1	1223	0.01	0.525	72FLE
41	MGT2-A2-T-1	        1173	1173	10.01	1	1173	0.01	0.57	72FLE
42	MGT2-A2-T-1	        1123	1123	10.05	1	1123	0.01	0.64	72FLE
43	MGT2-A2-T-1	        1073	1073	10.05	1	1073	0.01	0.66	72FLE
44	MGT2-A2-T-1	        1023	1023	10.05	1	1023	0.01	0.725	72FLE
45	MGT2-A2-T-1	        998	998	10.01	1	998	0.08	0.75	72EFF
46	MGT2-A2-T-1	        908	908	10.01	1	908	0.08	0.80	72EFF
47	MGT2-A2-T-1	        1071	1071	10.01	1	1071	0.08	0.70	72EFF
//48	MGT2-A2-T-1	        893	893	1.01	1.0	893	0.01    0.8523	72FLE-critical point
//49	MGX2-A2-T-1	        0.8523	0.8523	0.01	1.0	893	0.01    0.8523	72FLE-critical point

//BETA/(BETA+ALPHA) BOUNDARY
//21       CXXA-A2-T-1-A3-TO-1	0.970	0.97	0.01	0.0	1118	0.97	0.99	55ROG
//22       CXXA-A2-T-1-A3-TO-1	0.960	0.96	0.01	0.0	1088	0.96	0.99	55ROG
21       CXXA-A2-T-1-A3-TO-1	0.920	0.92	0.01	1.0	1020	0.92	0.99	55ROG
22       CXXA-A2-T-1-A3-TO-1	0.900	0.90	0.01	1.0	998	0.90	0.99	55ROG
23       CXXA-A2-T-1-A3-TO-1	0.880	0.88	0.01	1.0	965	0.88	0.99	55ROG
24       CXXA-A2-T-1-A3-TO-1	0.870	0.87	0.01	1.0	958	0.87	0.99	55ROG
25       CXXA-A2-T-1-A3-TO-1	0.860	0.86	0.01	1.0	937	0.86	0.99	55ROG
26       CXXA-A2-T-1-A3-TO-1	0.850	0.85	0.01	1.0	921	0.85	0.99	55ROG
//27       CXXA-A2-T-1-A3-TO-1	0.825	0.83	0.01	1.0	898	0.825	0.99	55ROG
//65	CXXA-A2-T-1-A3-TO-1	0.958	0.958	0.01	1	1073	0.958   0.99	90PER
//66	CXXA-A2-T-1-A3-TO-1	0.939	0.939	0.01	1	1044	0.939   0.99	90PER
//67	CXXA-A2-T-1-A3-TO-1	0.913	0.913	0.01	1	1003	0.913   0.99	90PER
//68      CXXB-A2-T-1-A3-TO-1	0.993	0.993	0.005	0	893	0.8523   0.993	72FLE-critical point



#************************STOP#

//71      Hm-A2-T-1               35000   0       300     1       0.5     1243    0       maid
//72      Hm-A3-TO-1              54000   0       300     1       0.6     883     0       maid

//BETA/(ALPHA + BETA) LOWER THAN INVARIANT REACT.
71	CXXA-A2-T-1-A3-TO-1	0.1	0.1	0.01	1	873	0.1	0.99	72FLE
//72	CXXA-A2-T-1-A3-TO-2	0.05	0.05	0.01	0	723	0.01	0.999	72FLE
71	CXXA-A2-T-1-A3-TO-1	0.025	0.1	0.01	0	890	0.02	0.99	72FLE
71	CXXA-A2-T-1-A3-TO-1	0.022	0.1	0.01	0	885	0.02	0.99	72FLE
71	CXXA-A2-T-1-A3-TO-1	0.02	0.1	0.01	0	880	0.02	0.99	72FLE
71	CXXA-A2-T-1-A3-TO-1	0.018	0.1	0.01	0	875	0.02	0.99	72FLE
71	CXXA-A2-T-1-A3-TO-1	0.015	0.1	0.01	0	870	0.02	0.99	72FLE
71	CXXA-A2-T-1-A3-TO-1	0.011	0.1	0.01	0	865	0.02	0.99	72FLE
71	CXXA-A2-T-1-A3-TO-1	0.010	0.1	0.01	0	860	0.01	0.99	72FLE
71	CXXA-A2-T-1-A3-TO-1	0.009	0.1	0.01	0	855	0.01	0.99	72FLE
//71	CXXA-A2-T-1-A3-TO-1	0.008	0.1	0.01	0	850	0.01	0.99	72FLE
71	CXXA-A2-T-1-A3-TO-1	0.007	0.1	0.01	0	845	0.01	0.99	72FLE
71	CXXA-A2-T-1-A3-TO-1	0.006	0.1	0.01	0	840	0.006	0.99	72FLE
//71	CXXA-A2-T-1-A3-TO-1	0.005	0.1	0.01	0	835	0.005	0.99	72FLE
//71	CXXA-A2-T-1-A3-TO-1	0.002	0.1	0.01	0	830	0.002	0.99	72FLE
//71	CXXA-A2-T-1-A3-TO-1	0.003	0.1	0.01	0	825	0.003	0.99	72FLE
//71	CXXA-A2-T-1-A3-TO-1	0.002	0.1	0.01	0	820	0.002	0.99	72FLE
//71	CXXA-A2-T-1-A3-TO-1	0.001	0.1	0.01	0	815	0.001	0.999	72FLE
71	CXXA-A2-T-1-A3-TO-1	0.0009	0.1	0.01	0	810	0.0009	0.99	72FLE
71	CXXA-A2-T-1-A3-TO-1	0.0008	0.1	0.01	0	805	0.0008	0.99	72FLE
71	CXXA-A2-T-1-A3-TO-1	0.0007	0.1	0.01	0	800	0.0007	0.99	72FLE
//71	CXXA-A2-T-1-A3-TO-1	0.0006	0.1	0.01	0	795	0.0006	0.99	72FLE
//71	CXXA-A2-T-1-A3-TO-1	0.0005	0.1	0.01	0	790	0.0005	0.999	72FLE
//71	CXXA-A2-T-1-A3-TO-1	0.0004	0.1	0.01	0	785	0.0004	0.99	72FLE
//71	CXXA-A2-T-1-A3-TO-1	0.0003	0.1	0.01	0	780	0.0003	0.99	72FLE
//71	CXXA-A2-T-1-A3-TO-1	0.0002	0.1	0.01	0	775	0.0002	0.99	72FLE
//71	CXXA-A2-T-1-A3-TO-1	0.0001	0.1	0.01	0	770	0.0001	0.99	72FLE
//71	CXXA-A2-T-1-A3-TO-1	0.00009	0.1	0.01	0	765	0.00009	0.99	72FLE

//(BETA+ALPHA)/ALPHA BOUNDARY
//21       CXXB-A2-T-1-A3-TO-1	0.990	0.99	0.01	0.0	1093	0.99	0.999	55ROG
22       CXXB-A2-T-1-A3-TO-1	0.980	0.98	0.01	0.0	1013	0.98	0.99	55ROG
21       CXXB-A2-T-1-A3-TO-1	0.970	0.97	0.01	0.0	973	0.97	0.99	55ROG
//22       CXXB-A2-T-1-A3-TO-1	0.950	0.95	0.01	0.0     923	0.95	1.00	55ROG


//MG bcc(Nb)/bcc(Nb)+bcc(Zr)
50	MGT1-A2-T-1	        1223	1223	5.01	1	1223	0.28    0.80	72FLE
51	MGT1-A2-T-1	        1173	1173	10.01	1	1173	0.24    0.80	72FLE
52	MGT1-A2-T-1	        1123	0.21	10.0	1	1123	0.21    0.815	72FLE
53	MGT1-A2-T-1	        1073	0.16	10.0	1	1073    0.16    0.815	72FLE
54	MGT1-A2-T-1	        1023	0.14	10.0	1	1023	0.14    0.815	72FLE
55	MGT1-A2-T-1	        973	973	2.01	0.5	973     0.11    0.815	72FLE
56	MGT1-A2-T-1	        923	923	10.01	0.5	923	0.08    0.815	72FLE 
57	MGT1-A2-T-1	        893	893	1.01	0.5	893	0.102    0.8523	72FLE-critical point
//58	MGX1-A2-T-1	        0.102	0.102	0.01	1.0	893	0.01    0.99	72FLE-critical point


//dummy points
17	CXTA-A2-T-1-L-RK-1	2400	2400	10	0	2400    0.15	0.783	55ROG
17	CXTA-A2-T-1-L-RK-1	2300	2300	10	0	2300    0.25	0.783	55ROG
17	CXTA-A2-T-1-L-RK-1	2223	2223	10	0	2223    0.35	0.783	55ROG
17	CXTA-A2-T-1-L-RK-1	2223	2223	10	0	2223    0.45	0.783	55ROG
17	CXTA-A2-T-1-L-RK-1	2223	2223	10	0	2223    0.55	0.783	55ROG
17	CXTA-A2-T-1-L-RK-1	2223	2223	10	0	2223    0.65	0.783	55ROG
1	CXTB-L-RK-1-A2-T-1	2083	2083	10	0	2083    0.783   0.99	55ROG

//SOLIDUS(ROG)
1	CXTB-L-RK-1-A2-T-1	2078	2078	10	1	2078    0.783   0.95	55ROG
2	CXTB-L-RK-1-A2-T-1	2043	2070	10	1	2070    0.783   0.94	55ROG
3	CXTB-L-RK-1-A2-T-1	2063	2063	10	1	2063    0.783   0.92	55ROG
4	CXTB-L-RK-1-A2-T-1	2048	2048	10	1	2048    0.783   0.91	55ROG
5	CXTB-L-RK-1-A2-T-1	2043	2043	10	1	2043    0.783   0.88	55ROG
6	CXTB-L-RK-1-A2-T-1	2038	2043	10	0	2038    0.783   0.87	55ROG
7	CXTB-L-RK-1-A2-T-1	2043	2043	10	0	2043    0.783   0.86	55ROG
8	CXTB-L-RK-1-A2-T-1	2038	2038	10	1	2038    0.783   0.85	55ROG
9	CXTB-L-RK-1-A2-T-1	2018	2018	10	1	2018    0.783   0.83	55ROG
10	CXTB-L-RK-1-A2-T-1	2018    2018	10	0	2018    0.783   0.8	55ROG
11	CXTA-A2-T-1-L-RK-1	2008	2008	10	1	2008    0.78	0.783	55ROG
12	CXTA-A2-T-1-L-RK-1	2018	2018	10	1	2018    0.75	0.783	55ROG
13	CXTA-A2-T-1-L-RK-1	2023    2023	10	1	2023    0.7	0.783	55ROG
14	CXTA-A2-T-1-L-RK-1	2063	2063	10	1	2063    0.6	0.783	55ROG
15	CXTA-A2-T-1-L-RK-1	2083	2083	10	1	2083    0.5	0.783	55ROG
16	CXTA-A2-T-1-L-RK-1	2123	2123	10	1	2123    0.4	0.783	55ROG
17	CXTA-A2-T-1-L-RK-1	2223	2223	10	1	2223    0.3	0.783	55ROG
18	CXTA-A2-T-1-L-RK-1	2338	2338	10	0	2338    0.2	0.783	55ROG
19	CXTA-A2-T-1-L-RK-1	2493	2493	10	0	2493    0.1	0.783	55ROG

//CONGRUENT PT
38	CRPT-A2-T-1-L-RK-1	2013	2013	1	1	2013    0.783	0.99	55ROG

//CRITICAL PT
39	COPT-A2-T-1	        1253	1253	1	1	1253    0.412	0.412	72FLE

//CRITICAL PT
//80      CX31T-A3-TO-1-A2-T-1    893     893     1       0       0.01     0.81    0.99      72GUI


//CRITICAL PT
80      CX32T-A3-TO-1-A2-T-1    893     983     1       1       0.01     0.81    0.98      72FlE


//Enthalpy of mixing data for BCC phase
25      Hm-A2-T-1              -71.59209816    0     250    0.0     800       0.05    0       BHU
25      Hm-A2-T-1              -143.1841963    0     250    0.0     800       0.10    0       BHU
25      Hm-A2-T-1              -214.7521732    0     250    0.0     800       0.15    0       BHU
25      Hm-A2-T-1              -286.3365525    0     250    0.0     800       0.20    0       BHU
25      Hm-A2-T-1              -357.9218967    0     250    0.0     800       0.25    0       BHU
25      Hm-A2-T-1              -429.5043463    0     250    0.0     800       0.30    0       BHU
26      Hm-A2-T-1              -472.454781     0     250    1.0     800       0.33    0       BHU

25      Hm-A2-T-1              -501.0887257    0     250    0.0     500       0.35    0       BHU
25      Hm-A2-T-1              -572.6721402    0     250    0.0     500       0.40    0       BHU
25      Hm-A2-T-1              -644.2565195    0     250    0.0     500       0.45    0       BHU      
27      Hm-A2-T-1              -715.8406094    0     250    0.0     500       0.50    0       BHU
25      Hm-A2-T-1              -787.4246173    0     250    0.0     500       0.55    0       BHU
25      Hm-A2-T-1              -859.0086927    0     250    0.0     500       0.60    0       BHU
25      Hm-A2-T-1              -751.6326061    0     250    0.0     500       0.65    0       BHU      
28      Hm-A2-T-1              -708.68217145   0     250    0.0     500       0.67    0       BHU
25      Hm-A2-T-1              -644.2565195    0     250    0.0     500       0.70    0       BHU      
29      Hm-A2-T-1              -536.8804329    0     250    0.0     500       0.75    0       BHU
25      Hm-A2-T-1              -429.5043463    0     250    0.0     500       0.80    0       BHU 
25      Hm-A2-T-1              -322.1282597    0     250    0.0     500       0.85    0       BHU
25      Hm-A2-T-1              -214.7521732    0     250    0.0     500       0.90    0       BHU
25      Hm-A2-T-1              -107.3760866    0     250    0.0     500       0.95    0       BHU 

//Enthalpy of mixing data for HCP phase
30      Hm-A3-TO-1              -11136.42662    0   250    0.0     1100       0.10    0       BHU
30      Hm-A3-TO-1              -18597.83248    0   250    0.0     1000       0.167   0       BHU
30      Hm-A3-TO-1              -17861.06353    0   250    0.0     1000      0.20    0       BHU
30      Hm-A3-TO-1              -16738.05588    0   250    0.0     1000      0.25    0       BHU 
30      Hm-A3-TO-1              -15628.43056    0   250    0.0     1000      0.30    0       BHU  
31      Hm-A3-TO-1              -14937.77800    0   250    0.0     1000      0.33    0       BHU
30      Hm-A3-TO-1              -13395.79769    0   250    0.0     1000       0.40    0       BHU 
30      Hm-A3-TO-1              -12279.48121    0   250    0.0     1000       0.45    0       BHU        
32      Hm-A3-TO-1              -11158.703924   0   250    0.0     1000       0.5     0       BHU
30      Hm-A3-TO-1              -10046.84825    0   250    0.0     1000       0.55    0       BHU
30      Hm-A3-TO-1              -8930.531764    0   250    0.0     1000       0.60    0       BHU       
33      Hm-A3-TO-1              -7364.722555    0   250    0.0     1000       0.67    0       BHU
30      Hm-A3-TO-1              -6697.898799    0   250    0.0     1000       0.70    0       BHU         
34      Hm-A3-TO-1              -5579.351962    0   250    0.0     1000       0.75    0       BHU
30      Hm-A3-TO-1              -4465.265834    0   250    0.0     1000       0.80    0       BHU
30      Hm-A3-TO-1              -3348.949351    0   250    0.0     1000       0.85    0       BHU
30      Hm-A3-TO-1              -2232.632868    0   250    0.0     1000       0.90    0       BHU
30      Hm-A3-TO-1              -1116.316386    0   250    0.0     1000       0.95    0       BHU   










      


68	CXXB-A2-T-1-A3-TO-1	0.9965	0.9965	0.0005	1	1073	0.815	0.999	90PER
69	CXXB-A2-T-1-A3-TO-1	0.9955	0.9955	0.0005	1	1044	0.815	0.999	90PER
70	CXXB-A2-T-1-A3-TO-1	0.9945	0.9945	0.0005	1	1003	0.815	0.999	90PER

//55	MGX2-A2-T-1	        0.64	0.64	0.01	1	1117	0.08	0.64	72EFF
//56	MGX2-A2-T-1	        0.49	0.49	0.01	1	1184	0.08	0.49	72EFF
//57	MGX2-A2-T-1	        0.47	0.47	0.01	1	1198	0.08	0.47	72EFF

//58	MGX1-A2-T-1	        0.28	0.28	0.01	1	1201	0.28    0.815	72EFF
//59	MGX1-A2-T-1	        0.26	0.26	0.01	1	1187	0.26    0.815	72EFF
//60	MGX1-A2-T-1	        0.18	0.18	0.01	1	1117	0.18    0.815	72EFF
//61	MGX1-A2-T-1	        0.17	0.17	0.01	1	1071	0.17    0.815	72EFF
//62	MGX1-A2-T-1	        0.15	0.15	0.01	1	998	0.15    0.815	72EFF
//64	MGX1-A2-T-1	        0.13	0.13	0.01	1	879	0.13    0.815	72EFF