FileName        : 	PhaseData.txt							
Author          :	VJ		
Version         :	210119
comptible with  :       expcvm.05
			
S.No.	PId-Ins	A	B	Database    vibration	np	Multiplicity                    Boolean-iaint               ECIs                            
#************************START#	
L-RK-1  -               Nb	Zr	sgte    4	0,0,0,0		0,0,0,0                 18533.21884734,0,-12878.79249528,0                      EmatRKBIN.txt
A2-T-1	-               Nb     	Zr      sgte    8	6,12,3,4,1                      0,0.0,0,0.0,0,0.0,0,0.0   0,41.508302340,0.0,-527.13925415,0,0.03926329,0,-0.35314925       EmatBCCmTBIN.txt
A3-TO-1 -               Nb	Zr      sgte    26	1,6,3,6,6,2,1,12,1,6,3,3,3,1	0,0,0,0,0,1.0,0,0,0,1.0,0,0,1.0,0,0,0,0,0,0,0,0,0,0.0,0,0,0.0     0,0,0,0,0,5.49899497,0,0,0,40.87976374,0,0,-579.238784985,0,0,0,0,0,0,0,0,0,0,0,0,0	EmatCPHmTOBIN.txt
#************************STOP#
a: {-2005.24535774,0,0,0,1.8207098,0,0,0,-9758.28024549,0,0,0,0,0,0,0,0,0,0,0,0,8.89795146,0,0,0,0,0,0,0,0,0,0,0,0,35442.48717888,-42.0504322,0,0}
beta: {-0.00000458,-0.0123323,-0.00000003,-0.00003442,-0.00000019,-0.00050498,0,0,0,0,0,0,0,0,0,0,0,0,0,0,0,0,0,0,0,0,0,0,0,0,0,0,0,0,0,0,0,0}
Chisq:10.925924506908816, Lambda:9.5367431640625E-7

									A3-TO-1 Ti	Zr      sgte    26	1,6,3,6,6,2,1,12,1,6,3,3,3,1	0,0,0,0,0,0.0,0,0,0,1.0,0,0,1,0,0,0,0,0,0,0,0,0,0.0,0,0,0.0     0,0,0,0,0,0.0,0,0,0,0.0,0.0,0.0,663.0,0,0,0,0,0,0,0,0,0,0,0,0,0	EmatCPHmTOBIN.txt
//L-RK-1	Nb	Zr	sgte    4	0,0,0,0		1,0,1,0                 10311,0,6709,0                      EmatRKBIN.txt 1991-GUI
//A2-T-1	Nb     	Zr      sgte    8	6,12,3,4,1    	0,1.0,0,1.0,0,1,0,1         0.0,-80.0,0.0,-663.00,0.0,0,0,-0.15       EmatBCCmTBIN.txt 1991-GUI

Optimised with MG data and consolute point
//A2-T-1	Nb     	Zr      sgte    8	6,12,3,4,1    	0,1.0,0,1.0,0,1,0,1         0,46.89172972,0,-526.10261356,0,0.04479081,0,-0.355862       EmatBCCmTBIN.txt
//A3-TO-1 Nb	Zr      sgte    26	1,6,3,6,6,2,1,12,1,6,3,3,3,1	0,0,0,0,0,0.0,0,0,0,1,0,0,1,0,0,0,0,0,0,0,0,0,0.0,0,0,0.0  0,0,0,0,0,0,0,0,0,31.21820757,0,0,-1123.01966969,0,0,0,0,0,0,0,0,0,0,0,0,0 EmatCPHmTOBIN.txt

L-RK-1	Nb	Zr	sgte    4	0,0,0,0		1,0,1,0                 8175,0,-11485,0                      EmatRKBIN.txt
A2-T-1	Nb     	Zr      sgte    8	6,12,3,4,1    	0,1,0,1.0,0,1,0,1         0,160,0,-905,0,-0.05173,0,0.0945       EmatBCCmTBIN.txt
A3-TO-1 Nb	Zr      sgte    26	1,6,3,6,6,2,1,12,1,6,3,3,3,1	0,0,0,0,0,0.0,0,0,0,0,0,0,1,0,0,0,0,0,0,0,0,0,0.0,0,0,0.0     0,0,0,0,0,0,0,0,0,0,0,0,-790,0,0,0,0,0,0,0,0,0,0,0,0,0	EmatCPHmTOBIN.txt